"x"
NA
NA
NA
NA
NA
NA
NA
NA
NA
NA
NA
NA
NA
NA
NA
NA
NA
NA
94
NA
NA
NA
NA
NA
NA
NA
NA
NA
NA
NA
NA
NA
NA
NA
NA
NA
NA
NA
NA
NA
NA
NA
83
50
60
78
51
59
71
66
78
72
58
53
37
55
62
69
45
58
59
66
53
66
51
81
74
41
59
81
83
62
53
58
65
35
32
44
53
49
57
39
92
49
67
63
74
72
51
55
50
64
42
65
66
69
94
44
49
55
40
75
82
88
56
79
83
38
31
37
71
32
94
57
57
56
79
19
28
70
58
60
74
72
61
74
66
76
74
74
58
58
70
65
65
46
50
58
38
53
44
61
39
71
81
49
65
72
96
70
61
42
40
47
74
62
54
90
48
57
67
41
37
55
75
43
54
67
20
66
52
49
74
36
59
56
60
56
42
49
59
73
57
47
55
52
82
73
76
35
56
37
54
41
41
49
66
57
81
52
50
61
76
58
75
53
85
73
64
76
55
73
38
65
65
68
68
82
53
33
56
NA
47
63
64
25
63
NA
64
46
49
68
67
48
39
42
61
28
46
47
59
59
45
79
35
48
65
66
61
38
52
37
46
46
54
68
54
78
60
51
55
NA
51
31
96
43
27
48
43
52
63
58
55
42
77
33
39
48
30
50
56
34
23
51
69
92
49
65
19
59
63
61
73
80
50
34
35
64
80
63
80
50
70
76
55
27
64
56
81
NA
70
51
39
38
71
52
37
33
64
75
51
55
53
27
47
60
32
35
34
20
47
12
63
67
70
48
72
46
64
42
74
50
52
27
51
49
67
42
90
94
88
30
33
42
42
68
62
28
47
90
47
71
88
69
48
51
66
50
54
52
85
71
71
71
57
52
33
56
54
27
65
34
62
24
62
